24556
22002
21766
22192
17424
21144
16168
23134
23148
21828
21422
20836
21244
21512
18602
18044
23394
19326
22532
21926
49550
21608
40532
22016
21518
21714
18186
21746
20534
17518
18966
21866
21100
19804
22852
18106
21200
17272
22344
21204
21586
17872
22616
17970
53924
53576
20802
17638
23744
23648
21118
21548
21048
22208
53936
18484
21956
21406
21586
21116
21606
20068
20644
21548
22082
22122
17640
22378
22402
20904
21564
17286
21550
51562
21048
20872
50928
19446
22458
20650
20598
50848
20496
21846
21320
20984
22746
21502
20442
21344
21038
17418
16958
17570
20216
21896
18344
17802
21676
21620
22588
18356
17770
22078
16262
22744
20914
21162
21094
18068
17536
50478
21450
21488
21306
21228
17408
23022
20558
21624
22314
22722
22640
19112
17498
50484
22210
22260
24686
21742
21636
21570
20906
17996
22094
20690
18354
21362
20776
21042
22462
21540
49880
21134
21946
15900
20894
17220
17154
20902
22684
21176
20886
22692
20026
21672
20412
21412
20536
21400
21152
22672
20086
23030
53392
17266
22432
16698
16732
25064
17030
48950
21200
23076
49132
20712
17194
21438
21688
20852
23602
18020
21100
23280
21612
19942
17928
20716
22176
40486
22724
18144
17732
21534
19204
23206
20902
21592
21702
21802
22944
22052
22356
17138
22254
20736
17094
45700
21172
18064
20776
20628
22254
52920
22250
18226
20598
21232
20688
21118
21234
21130
20362
19924
21574
21414
20764
16918
50616
16652
22044
22558
22256
20856
21514
21660
17094
21856
21240
21328
21264
20204
20832
20410
22052
22468
21462
16996
20610
20566
16784
22768
20826
21744
22998
20992
22174
20776
20708
21248
23072
21758
23920
18954
17274
22652
22684
21484
21254
18370
19752
20704
22436
20786
16868
45318
21380
17316
17290
22352
17992
21424
19916
20852
50818
20726
21408
21898
17210
23000
21568
22332
21212
20860
20398
22546
20344
21214
17920
21642
21236
21414
21534
22490
16814
21718
18026
21358
50962
17994
20378
21654
15944
21620
20766
49258
21798
22332
23062
18548
18072
17414
21462
21734
20318
49742
18358
20402
16618
22388
16496
20858
21620
16934
21936
21754
21004
21184
21238
22760
17600
17964
20830
20076
21164
23152
21728
17872
21268
21986
21316
17994
18594
23142
21692
22292
22170
22970
19272
17272
21742
21774
18738
20382
21790
23074
19724
23404
21764
17228
22318
21976
22200
23814
22184
21886
18742
22794
22594
18248
20724
20998
21430
19290
21982
22278
49882
20940
18390
20628
23294
17644
22088
22454
22200
21854
20780
18042
22662
17134
47066
22298
18576
17902
17324
22076
17510
20804
21540
22174
56394
18350
21702
21554
22364
21924
21580
22020
23902
22032
22092
18248
17188
21820
21670
21820
17658
21766
21270
21630
23302
22078
21010
23616
23372
17638
23546
21420
21234
17238
16672
22594
17284
22892
22632
23090
16966
20798
20692
23016
16996
22762
18208
17478
18006
22362
23192
46270
21762
22778
46194
21708
22956
16458
22446
18498
20982
22222
22426
22796
22120
21854
22108
20356
17564
22326
22468
18504
16726
23508
50162
23500
21666
50980
17192
17584
17196
20814
21610
15662
17374
24574
20722
21942
17426
22392
20864
21078
21502
50928
22232
20736
21678
17784
20648
23078
17794
17846
17424
24244
21148
18344
20868
21658
19048
20534
20764
17118
20272
21534
21102
20808
23202
22240
24238
22238
21082
22002
23044
22350
21738
21220
23326
17670
20690
21786
18248
22800
19710
20558
21156
20888
21632
22450
16744
21938
22262
22248
21508
23202
22126
52160
21558
22284
21036
21058
17138
21282
21946
16872
52794
21802
17896
20658
20894
17610
18280
22388
17578
22384
50890
21582
21656
18772
22700
20646
18198
20452
19998
17282
22106
23276
22062
21994
21096
22296
17938
21994
22054
23114
16314
22594
21640
16900
21668
20984
16644
17998
21752
21566
21834
16352
18212
20774
21842
21966
21170
21928
21688
21218
21586
16606
21278
21100
20874
51794
20828
22596
16478
51038
23704
21502
21418
17130
50052
22308
22226
20626
21150
22190
16916
22548
22284
21678
18038
24634
22930
21424
21766
22844
20574
17826
22244
20988
22590
21158
23224
21672
22534
22184
21216
22842
21606
22472
22612
18738
21252
20746
20440
20470
17136
24424
22414
20230
18212
17006
20396
22828
17164
21180
22546
21492
23168
17464
22318
16958
22752
16894
21828
20826
21044
17044
21236
18012
17076
17862
21600
20822
21006
21078
22838
21732
21392
18328
49112
22386
22134
17508
22718
21642
16704
22362
18352
17294
18156
15982
22530
17492
21084
40400
22542
49366
21380
16810
25136
21648
16998
18824
21566
20892
21302
16866
21694
17052
17484
16900
16644
16836
20870
22284
49552
20978
21990
22154
20408
22034
20726
21206
21282
17042
22294
22954
17028
16072
21468
22998
17382
21836
21192
21800
21584
17992
22548
17380
21738
23034
21990
22878
23588
22984
22150
23126
18966
21762
22196
18444
17472
17154
17918
17298
20288
21502
23210
18844
21538
23000
21500
22276
22624
21526
22708
21746
22210
18246
20632
22298
22964
21300
17456
18062
23400
24018
22386
17712
22068
18622
23376
16940
21164
22148
17314
17962
21520
21930
23540
16132
22028
21588
21466
23774
21972
20922
20774
22688
20918
21730
21704
21326
21328
21032
23184
22256
51824
23378
51500
22192
17678
18646
17940
17974
21746
22978
19734
22540
22822
22706
18392
18594
17582
22982
21930
22378
17378
51000
21946
23056
21346
23940
21354
54638
22976
17608
22100
22466
22204
24046
17576
18056
18186
22298
20762
17274
17562
22320
22270
17008
21408
21226
17552
21644
17774
51202
21756
21880
21806
21406
43348
22600
23804
22504
16906
23360
22446
23036
17886
17642
21944
20936
22724
21888
22386
17382
21472
20570
16842
21520
17000
24164
22246
18296
23512
20756
22822
18570
23696
21716
22392
17450
20950
22846
18010
17498
18966
22706
22874
22102
22178
21904
21298
21632
17986
23054
18516
25054
22620
23166
21568
22868
17958
23408
18768
17586
21528
21698
21518
21292
22636
23536
41534
18738
22352
20614
18048
22208
20286
21242
21684
21850
48978
75954
22244
22280
16988
21516
17646
50308
18456
23016
21232
23326
21864
22896
22002
21910
22492
21972
18694
22270
18556
21992
17150
23540
21868
22732
18782
21586
20880
23180
18272
21592
18980
22854
17382
21932
22618
21514
21112
21550
20700
17556
16828
23306
22600
16640
23530
21660
22162
21516
18564
18860
total cycles for pt: 22240584
18842
17982
22744
22776
22956
21526
16884
16536
23132
50152
22010
52136
16156
21524
21390
21190
21602
17144
17858
17956
21520
21868
18298
19074
22374
18872
41866
52894
21204
23216
17398
21732
22574
22428
18434
51504
22426
21642
16336
21412
21338
21582
21592
20974
21916
21692
21384
21188
22992
16242
21518
21626
20982
17318
17584
22466
21402
16380
20372
21114
21668
22654
16980
17580
22942
22096
45314
23204
16528
17196
17630
21570
21062
21830
16182
21108
22630
22398
41930
17760
21752
44044
21850
21744
21158
21834
22032
21040
21380
22042
20544
21754
21964
21938
21148
20916
20590
18344
16618
22022
21192
24210
16814
54622
20654
20164
21202
51300
22154
20714
21828
21142
22590
21384
21602
17278
22050
16578
16310
21374
21252
21178
23394
17266
17556
16468
17282
21632
52282
15904
17984
21312
21030
22350
21822
21790
18194
21290
17638
20746
17338
16652
16838
21832
21082
16638
22240
23368
21424
17098
21712
21396
23758
21206
21282
22308
16374
22380
22132
21802
21178
21070
16442
16488
21326
22134
21044
21572
21374
21098
16970
17304
21450
21084
22506
17534
17182
22010
53582
54228
18214
21084
21466
51318
17406
21924
18186
17186
16304
22456
21350
51792
21468
22712
21378
21554
21908
23842
21196
22350
21308
21888
21386
52130
50884
21856
21370
16978
21402
21284
21244
21514
22512
17502
21684
21732
22062
20766
22480
22364
22442
17042
21358
21212
20994
20856
16078
21618
21824
18604
21640
21836
17138
21972
16760
22062
20648
22246
17226
22396
162464
17230
21800
21346
21388
17110
22182
22122
21210
46138
22030
16918
21572
23254
16718
17050
21416
21992
21976
17374
17132
21216
17848
21482
20892
21702
23220
16570
17482
17256
22406
21200
20916
21872
21336
22106
20720
17180
15570
23256
21084
21912
20968
16240
18236
21144
16448
22376
21524
20912
21944
21426
22182
21060
43584
52282
21740
17446
21594
21566
18164
22244
20872
20910
20984
21158
22196
17794
21240
21360
16752
16270
23700
21210
18100
18436
21788
21996
18664
18500
21572
21658
19356
55150
52528
20598
21560
18352
22040
16714
22268
21388
22754
18704
22010
20958
20932
20880
20816
21366
16634
21288
21762
18242
19846
16720
21322
17894
21074
21732
16524
18988
22838
21096
21332
21780
21776
17406
16246
21758
21654
21188
16690
22702
16394
21828
17656
16928
16708
23550
18968
21288
21396
23032
21032
22894
17296
17930
21192
21610
21406
21926
21796
21298
23162
20936
20836
20970
51790
23320
17602
22172
20828
21190
17788
18010
21482
20724
16658
22024
21528
21390
20972
18318
21932
52250
17420
21868
22736
53638
16882
21496
16472
20906
16240
21774
22284
16702
21278
21556
18208
20800
21950
22256
22004
21032
22732
21618
21680
16868
17510
21918
21516
21212
17694
21810
21426
16936
17408
22180
51510
17272
21918
21754
50008
23346
22644
21736
21364
21564
22416
22194
22282
21564
21296
17036
21636
21470
17658
17754
17028
21670
16584
21766
21150
17412
52498
52410
21756
21922
22562
22324
17988
21612
21218
20664
22616
16754
21090
23584
22300
17646
21668
17856
21324
16650
23894
20926
16654
16408
21534
21652
22576
16764
22198
20818
20914
23046
21910
20690
20958
22684
21690
50784
21442
20900
22758
18360
22098
22118
22520
16800
21688
21544
21996
20998
16910
22900
17452
22116
54634
21852
16292
19492
16274
22272
21806
22358
21268
53086
20746
21978
21276
16142
18422
19490
21782
21172
21630
21676
21214
21742
21120
22382
21494
21048
21918
22650
17444
21344
22328
21526
21278
21744
22664
16846
22180
22768
53246
20966
52632
21758
23198
21546
21256
20848
21756
63112
21270
20916
15928
16880
22836
17058
21142
17098
53982
21614
51272
16898
22226
20846
51478
21042
21430
17448
21682
21972
22184
20878
21304
21598
51636
53222
21828
22318
21282
21318
21598
21898
18994
21196
21764
46526
22696
22688
22242
22462
16930
22700
20840
22194
17322
21920
21212
23580
21144
20492
21384
22270
21338
21338
22318
21488
17096
22272
21722
22992
21582
17670
21614
21574
17674
20928
20882
16832
22386
17820
21810
21560
21848
21502
21632
22798
21954
22232
22408
16534
21530
21240
20184
21358
21246
21754
21398
22086
20970
20714
16576
21866
21166
22624
20848
45826
21214
21874
49858
21926
21764
17196
20888
16810
21122
18196
22368
21134
21718
21400
21990
18308
23224
42408
21452
16688
21160
22012
15938
22416
18204
21676
21660
21220
22420
21726
21492
52138
21548
16840
21902
21912
51968
50222
21082
22064
52422
22310
21622
21396
20940
16460
21230
21202
17496
16768
21740
21656
17050
21642
20842
54352
51350
21476
21788
17752
22876
21544
22440
21688
22946
17170
22308
21232
21534
21820
21610
21282
21340
17448
20784
17214
52884
22584
22834
16874
22250
21018
20888
16352
22068
17370
17616
20562
17210
21270
21598
21428
21808
21428
20964
16864
22078
22058
21028
22018
16072
20416
20222
20930
23118
21396
22458
20692
54488
21162
18670
20502
21694
21932
22954
22904
22118
50914
20912
17936
16490
17092
21692
20646
20658
21130
21260
22604
52100
22488
51124
21484
17020
21898
16278
20976
22074
16826
23172
22086
21418
21110
21550
15798
21720
21868
21872
22624
22462
21292
16592
16760
21338
22382
21414
22018
21626
51454
22710
21902
21512
20730
21946
20620
16556
16234
20992
21928
21278
20882
22082
16558
21470
16392
20584
21324
21490
16984
16422
21168
21614
22256
17274
21812
21044
23454
49920
23406
55570
20970
16496
21524
22364
21852
17470
21196
17308
16284
20736
16182
20768
19438
21994
21862
17294
23248
22244
20588
21390
17140
21040
21206
21260
21682
19048
20508
21036
21282
17040
16440
22672
16836
17218
23070
21724
21372
21656
21802
20996
21870
21682
21916
18148
21082
20990
22866
20920
22220
22662
50626
18258
21696
21054
20710
22054
16982
52678
21786
21278
20692
20438
19130
21318
21998
22346
20490
21412
21092
21490
15778
53530
16710
21040
22028
17936
20924
17858
22884
21248
22034
21206
17458
22288
21674
21646
20856
21182
21050
41842
21784
22714
16080
21222
21774
22064
22304
21526
21394
16766
21972
21400
21726
20132
21186
22366
22420
21634
21908
16202
16826
17896
21640
21628
21026
20834
21456
21560
17054
18282
17470
17092
21748
22600
19384
22190
21980
23536
21800
21414
23430
21606
21826
16968
22098
23042
21082
20790
21944
16006
21548
22450
23190
17532
18406
24054
22984
total cycles for control: 22584156
22374
16832
16138
18142
16990
18210
22718
20648
16504
21590
21296
22326
17420
17072
20960
21736
21340
22088
22914
21484
21924
16308
22210
16700
16750
21704
21286
22112
21236
22066
23522
22550
20318
20440
17184
21368
18372
16748
20984
22302
20456
58196
21320
17442
17886
21986
20996
20382
21106
22616
21336
22250
22020
17112
21452
22504
16346
16104
21570
18398
21164
23172
21654
23500
23048
21164
21678
51688
17994
20394
20638
23162
21290
22782
22260
21728
21600
16720
53688
21394
21106
21280
56166
20648
21096
22504
21792
21486
22368
23016
15664
21476
20848
22528
15582
22058
21200
16838
22294
20876
18112
22106
15802
22306
20842
40772
22540
17346
22088
16160
18388
16554
23018
17366
21226
20616
21372
21184
21232
21490
21712
20916
21340
21918
21250
21808
16124
15736
21000
49394
21606
16814
16384
21472
20794
21930
16784
21408
40514
21710
20388
17456
17718
20990
20846
15914
18750
16770
16752
21590
21566
22436
22106
21246
22086
21536
21774
21854
51764
21866
23106
22990
17936
22312
21740
17010
22046
20816
17316
16200
15526
22716
56860
21958
21690
20858
53298
21792
23444
21600
21232
18832
17004
17818
17698
22926
20848
22506
22312
51660
20942
21488
20382
22122
18610
21944
20946
18588
22522
22410
21666
16418
16146
50648
20822
21722
50932
53134
21118
21418
22164
20746
22042
21172
20726
21332
21306
21250
17438
21876
21800
21586
20806
22088
16758
22738
16218
21812
21230
16380
21908
21108
21394
18244
16732
21734
21112
21198
20474
16870
22828
20948
17620
21526
22456
17544
21518
22052
51594
17594
23028
21758
21394
18018
21416
17146
20944
21334
51634
20894
21256
22298
16864
51840
22338
21514
20724
21312
22366
21358
21948
21776
22932
21678
15846
21608
16028
24360
22582
22990
21338
20942
16648
17766
21998
52844
21608
22276
21744
20950
21820
22070
22216
21002
22604
23884
21902
17442
20844
15784
20952
22024
17280
20828
20958
17972
20558
22138
21412
21508
22964
21978
20766
21782
21034
21810
21416
45602
16690
23622
21454
20622
17258
16180
22128
21522
21472
16038
18346
20334
77978
20694
20384
21104
20996
21258
20834
43620
51078
23962
22512
16842
21178
21588
17020
22028
21160
16502
21028
45568
51384
21502
22008
21214
23050
22674
22372
20912
22240
21486
21764
21344
18012
21346
21876
22024
21780
22214
17592
21820
20776
20962
17192
22798
17354
21904
21676
22556
20976
22614
21328
51188
17002
21646
21758
20572
21204
16552
22194
17320
22080
21238
21436
23318
21188
22854
20910
21420
21588
21326
21640
21370
21822
21540
50576
20792
20818
22810
51256
21616
53258
21316
22716
20600
21534
21126
16784
16176
22100
20352
16356
21552
21798
21080
22656
21546
16596
20878
22170
17528
20710
22050
21800
20892
17324
23004
21658
21998
21504
21958
21210
21286
22434
21598
20936
21796
21392
21262
21146
20992
21452
22022
17014
21376
21952
20882
21232
20888
21558
17412
22170
22972
21926
21420
20860
17090
17098
21146
21296
21128
21002
21082
21020
20748
21094
54014
22228
21748
21100
16158
52358
17758
21436
20916
21336
22444
52130
16254
20626
21700
22806
20796
17016
21100
23466
21504
20744
16510
20660
21204
21002
20658
21250
21526
16518
17752
21334
23418
17692
20916
21476
20748
21742
51860
20992
16234
21762
21920
20994
20590
22692
20796
21260
16088
22478
22680
19520
21674
20288
21912
16358
21062
18404
21456
22070
21024
21168
21870
21570
15638
21778
17614
21100
21604
21544
16872
20690
16632
21532
16614
17360
21516
21306
21088
17310
21876
21772
21482
51420
20884
22600
22906
21042
21202
16608
21920
21308
21856
17054
23398
22250
22044
21656
21048
16858
20774
21190
17198
19462
16830
21514
21158
17638
16378
22402
21524
21422
21088
21592
22078
20540
20808
21178
20972
20496
21236
55258
21986
20620
22050
20488
21544
21244
20640
21298
20314
54128
21266
52966
21440
21010
21544
21170
21336
20170
21868
17180
20280
21252
20576
21556
21062
21142
21332
20500
21874
20894
22516
21244
21248
22344
21304
21216
52772
21426
20492
53150
21424
21054
21080
55154
21352
21674
17388
53946
20432
20946
21574
16642
21330
18380
22230
20582
24088
21508
22426
16844
17720
56066
17264
21560
22210
21522
21684
21660
21418
17894
51562
21096
44972
21326
21302
21522
21644
22100
21414
20720
20944
22270
17212
22856
16366
21330
21832
21884
22384
20870
16480
17586
21078
21012
55476
22454
16890
22512
21540
21500
22932
21420
20948
16710
20302
21962
22152
21200
22166
22240
54866
18480
20856
21334
21072
54040
22532
21138
22720
21484
54092
22068
17030
17178
17698
21402
21564
22084
21486
20706
22480
16968
23588
22034
21526
21128
17706
22364
17748
21262
21096
22298
16736
21656
21248
21262
22180
22282
20816
21896
21368
22500
17894
21292
21780
21842
20840
21392
54738
22250
21996
22794
23520
21306
21362
23034
22208
21962
22864
21350
17888
20650
52314
21546
21226
22068
53526
20294
18068
21262
21726
21286
21682
20082
22324
21116
21184
22610
21664
21892
16252
21536
17786
15882
16214
21042
21922
21268
22412
21996
20364
16514
21862
16860
22756
16382
16230
17374
21782
21734
16768
16152
21442
16516
20636
21842
21124
21240
16774
22138
52516
22388
22874
20532
22360
21186
17908
22786
23618
21662
22210
20778
21304
20704
53328
21312
21256
16418
21966
17752
20946
20336
53646
53684
20398
21126
21840
21532
52454
21416
21636
16804
21246
21244
21962
22360
16736
21638
15908
21036
17420
22178
22126
20612
20836
20976
17700
23820
17166
22702
16928
21514
15782
20668
21496
21444
22764
21468
17266
22374
21720
21268
22836
22054
18324
21696
20228
16524
22008
21944
21934
21858
23528
22594
20998
21026
16702
21552
20812
22044
22084
21612
16704
21406
16558
21252
20452
51968
21718
20866
20824
20368
16692
22638
17678
54286
18172
21124
21006
16652
22030
20794
53590
20756
21082
21262
23138
21302
21290
21738
18188
20078
17892
20762
51760
21724
22204
53740
17336
21440
21178
21826
21024
23044
21948
54138
56082
52468
52328
21612
54312
17288
51730
21310
21032
53952
21126
21688
22492
21158
21386
53248
23074
52390
21404
17168
16808
22342
19552
51676
21450
23092
21324
20890
21910
22006
17450
21318
17488
20750
21584
21970
22170
17652
20792
22762
21202
21776
21622
22354
22852
18036
21690
21664
21798
16848
21142
21094
22516
53020
21612
21666
16912
total cycles for warm: 22899130
